1000                0.00003747          22682.2             26491               19653               
2000                0.00008211          48020.6             55497               43106               
3000                0.00013023          74622.7             85174               68124               
4000                0.00018015          101796.5            115475              92224               
5000                0.00023209          129495.8            143006              119810              
6000                0.00028720          157552.8            177075              144878              
7000                0.00033874          185690.1            208332              171776              
8000                0.00039284          214571.0            242287              195343              
9000                0.00045321          243547.8            266139              227210              
10000               0.00050456          272536.9            297057              253652              
