1000                0.00003739          22680.3             27266               18970               
2000                0.00008192          48077.9             56094               43208               
3000                0.00013015          74497.3             84250               67676               
4000                0.00018010          101446.0            119046              92535               
5000                0.00023165          129281.6            144628              118979              
6000                0.00028950          157454.4            176782              144342              
7000                0.00034770          186010.5            214583              174081              
8000                0.00039350          214522.5            236433              199883              
9000                0.00045137          243311.1            271299              225661              
10000               0.00050508          272921.2            304615              256319              
