1000                0.00003758          22662.6             27128               19013               
2000                0.00008210          48066.2             56542               42753               
3000                0.00013018          74564.1             86402               66804               
4000                0.00018041          101831.8            112980              93217               
5000                0.00023226          129523.5            144572              120210              
6000                0.00028834          157575.5            175330              146799              
7000                0.00034819          185809.6            206770              170438              
8000                0.00039356          214352.5            237036              201132              
9000                0.00045062          243818.8            270592              223614              
10000               0.00050531          272980.2            310462              256559              
