1000                0.00006312          11000.5             13836               9398                
2000                0.00013720          24748.7             31111               22100               
3000                0.00021310          39557.7             49675               35016               
4000                0.00029348          54872.4             67556               49402               
5000                0.00037786          71038.0             86034               64117               
6000                0.00046258          87320.0             103338              79183               
7000                0.00055863          104070.4            123268              95248               
8000                0.00063047          120757.0            151284              110185              
9000                0.00074635          138271.5            159957              124367              
10000               0.00086413          155874.8            183763              141367              
