7                   1.2                 16.4                20                  14                   
14                  1.8                 60.0                66                  56                   
21                  3.2                 132.4               146                 106                  
28                  5.0                 222.8               262                 202                  
35                  7.6                 367.6               386                 350                  
42                  10.2                461.6               492                 438                  
49                  13.0                653.2               704                 586                  
56                  16.0                826.4               910                 724                  
63                  23.6                1084.0              1138                1022                 
70                  26.8                1341.2              1428                1106                 
